168
452
730

168
452
703

168
402
753

168
452
073

108
462
753

180
462
753

182
460
753

182
463
750

182
463
705

182
406
753

102
486
753

120
486
753

126
480
753

126
483
750

126
483
705

126
403
785

106
423
785

126
043
785

126
430
785

120
436
785

102
436
785

132
406
785

132
486
705

132
046
785

132
460
785

126
435
780

126
435
708

132
486
750

132
480
756

132
465
780

132
465
708

026
143
785

012
486
753

016
423
785

126
408
753

126
483
075

132
486
075

032
146
785

160
423
785

126
743
085

126
405
738

012
436
785

130
462
785

130
482
756

132
746
085

132
405
768

126
435
078

132
408
756

132
465
078

182
456
703

182
456
073

182
456
730

163
420
785

163
425
780

163
425
708

163
405
728

163
402
785

163
425
078

103
465
728

013
465
728

130
465
728

103
462
785

163
402
785

013
462
785

103
482
756

183
402
756

013
482
756

183
452
706

183
452
076

183
452
760

126
458
703

126
458
073

126
458
730

126
450
738

120
456
738

102
456
738

152
406
738

126
458
730

012
456
738

152
436
708

152
436
780

152
430
786

152
403
786

102
453
786

120
453
786

123
450
786

7 3 3 LUURDLURDDLURDLURULDDRULURDD
